280 0.000E+00
281 0.000E+00
282 0.000E+00
283 0.000E+00
284 0.000E+00
285 0.000E+00
286 0.000E+00
287 0.000E+00
288 0.000E+00
289 0.000E+00
290 0.000E+00
291 0.000E+00
292 0.000E+00
293 0.000E+00
294 0.000E+00
295 0.000E+00
296 0.000E+00
297 0.000E+00
298 0.000E+00
299 0.000E+00
300 0.000E+00
301 0.000E+00
302 0.000E+00
303 0.000E+00
304 0.000E+00
305 0.000E+00
306 0.000E+00
307 0.000E+00
308 0.000E+00
309 0.000E+00
310 0.000E+00
311 0.000E+00
312 0.000E+00
313 0.000E+00
314 0.000E+00
315 0.000E+00
316 0.000E+00
317 0.000E+00
318 0.000E+00
319 0.000E+00
320 0.000E+00
321 0.000E+00
322 0.000E+00
323 0.000E+00
324 0.000E+00
325 0.000E+00
326 0.000E+00
327 0.000E+00
328 0.000E+00
329 0.000E+00
330 0.000E+00
331 4.003E+12
332 4.644E+12
333 7.333E+12
334 8.915E+12
335 7.395E+12
336 5.809E+12
337 2.997E+12
338 6.066E+12
339 6.528E+12
340 7.152E+12
341 8.097E+12
342 8.442E+12
343 9.324E+12
344 1.043E+13
345 1.051E+13
346 1.014E+13
347 1.161E+13
348 1.169E+13
349 1.279E+13
350 1.365E+13
351 1.436E+13
352 1.463E+13
353 1.447E+13
354 1.377E+13
355 1.489E+13
356 1.524E+13
357 1.538E+13
359 1.743E+13
360 1.785E+13
361 1.818E+13
362 1.952E+13
363 1.609E+14
364 4.960E+14
365 6.292E+14
366 3.562E+14
367 1.084E+14
368 3.045E+13
369 2.015E+13
370 1.903E+13
371 1.780E+13
372 1.769E+13
373 1.854E+13
374 1.805E+13
375 1.812E+13
376 1.956E+13
377 2.203E+13
378 2.552E+13
379 2.849E+13
380 2.882E+13
381 2.619E+13
382 2.351E+13
383 2.169E+13
384 1.853E+13
385 1.649E+13
386 1.564E+13
387 1.485E+13
388 1.365E+13
389 1.460E+13
390 1.463E+13
391 1.300E+13
392 1.155E+13
393 1.146E+13
394 1.035E+13
395 1.046E+13
396 1.016E+13
397 1.046E+13
398 1.078E+13
399 1.148E+13
401 1.473E+13
402 6.170E+13
403 8.379E+14
404 1.492E+15
405 1.129E+15
406 3.620E+14
407 1.907E+14
408 1.465E+14
409 5.225E+13
410 2.024E+13
411 1.787E+13
412 1.793E+13
413 1.790E+13
414 1.806E+13
415 1.729E+13
416 1.730E+13
417 1.620E+13
418 1.497E+13
419 1.324E+13
420 1.207E+13
421 1.190E+13
422 1.119E+13
423 1.098E+13
424 1.179E+13
425 1.227E+13
426 1.212E+13
427 1.119E+13
428 1.218E+13
429 1.419E+13
430 1.587E+13
431 1.697E+13
432 2.459E+13
433 6.657E+13
434 1.246E+15
435 2.749E+15
436 2.540E+15
437 8.603E+14
438 1.433E+14
439 2.799E+13
440 1.779E+13
441 1.454E+13
442 1.358E+13
443 1.167E+13
444 1.053E+13
445 9.951E+12
446 9.857E+12
447 1.047E+13
448 9.594E+12
449 9.565E+12
450 9.581E+12
451 8.600E+12
452 9.282E+12
453 1.010E+13
454 1.002E+13
455 9.511E+12
456 1.022E+13
457 1.068E+13
458 9.391E+12
459 8.803E+12
460 9.346E+12
461 1.041E+13
462 9.987E+12
463 1.140E+13
464 1.299E+13
465 1.455E+13
466 1.616E+13
467 1.647E+13
468 1.353E+13
469 1.094E+13
470 1.170E+13
471 1.315E+13
472 1.456E+13
473 1.509E+13
474 1.501E+13
475 1.516E+13
476 1.598E+13
477 1.835E+13
478 2.422E+13
479 3.464E+13
480 5.213E+13
481 8.270E+13
482 1.347E+14
483 2.117E+14
484 3.098E+14
485 4.217E+14
486 5.021E+14
487 5.161E+14
488 4.779E+14
489 4.190E+14
490 3.769E+14
491 3.495E+14
492 3.165E+14
493 2.775E+14
494 2.433E+14
495 2.143E+14
496 1.882E+14
497 1.642E+14
498 1.411E+14
499 1.183E+14
500 9.716E+13
501 7.784E+13
502 6.222E+13
503 5.027E+13
504 4.071E+13
505 3.322E+13
506 2.778E+13
507 2.439E+13
508 2.356E+13
509 2.322E+13
510 2.137E+13
511 1.923E+13
512 1.833E+13
513 1.747E+13
514 1.496E+13
515 1.416E+13
516 1.495E+13
517 1.444E+13
518 1.362E+13
519 1.324E+13
520 1.299E+13
521 1.268E+13
522 1.197E+13
523 1.231E+13
524 1.338E+13
525 1.524E+13
526 1.861E+13
527 2.149E+13
528 2.288E+13
529 2.441E+13
530 2.842E+13
531 4.236E+13
532 8.066E+13
533 1.146E+14
534 1.197E+14
535 1.342E+14
536 2.092E+14
537 3.399E+14
538 5.162E+14
539 8.650E+14
540 1.665E+15
541 2.517E+15
542 2.761E+15
543 2.543E+15
544 3.009E+15
545 4.724E+15
546 5.203E+15
547 3.427E+15
548 2.043E+15
549 1.350E+15
550 1.009E+15
551 7.563E+14
552 5.707E+14
553 4.320E+14
554 3.209E+14
555 2.340E+14
556 1.756E+14
557 1.386E+14
558 1.147E+14
559 9.839E+13
560 8.841E+13
561 8.423E+13
562 8.093E+13
563 7.564E+13
564 6.970E+13
565 6.426E+13
566 6.140E+13
567 6.186E+13
568 6.246E+13
569 5.800E+13
570 4.982E+13
571 4.505E+13
572 4.358E+13
573 4.628E+13
574 5.588E+13
575 2.437E+14
576 6.849E+14
577 9.419E+14
578 1.038E+15
579 1.094E+15
580 8.113E+14
581 6.425E+14
582 6.510E+14
583 7.160E+14
584 7.178E+14
585 7.173E+14
586 9.228E+14
587 1.052E+15
588 8.430E+14
589 5.864E+14
590 5.086E+14
591 6.281E+14
592 8.708E+14
593 9.405E+14
594 7.299E+14
595 5.145E+14
596 4.229E+14
597 4.500E+14
598 5.797E+14
599 6.773E+14
600 6.134E+14
601 4.565E+14
602 3.381E+14
603 2.981E+14
604 3.120E+14
605 3.548E+14
606 4.424E+14
607 6.200E+14
608 1.027E+15
609 2.452E+15
610 6.288E+15
611 8.998E+15
612 7.699E+15
613 5.233E+15
614 3.621E+15
615 2.574E+15
616 1.706E+15
617 1.123E+15
618 8.209E+14
619 7.115E+14
620 7.035E+14
621 7.243E+14
622 7.662E+14
623 8.239E+14
624 8.729E+14
625 9.061E+14
626 9.115E+14
627 8.880E+14
628 8.797E+14
629 1.046E+15
630 1.371E+15
631 1.338E+15
632 8.772E+14
633 4.832E+14
634 2.938E+14
635 2.275E+14
636 1.970E+14
637 1.762E+14
638 1.606E+14
639 1.496E+14
640 1.442E+14
641 1.440E+14
642 1.459E+14
643 1.484E+14
644 1.496E+14
645 1.490E+14
646 1.465E+14
647 1.471E+14
648 1.729E+14
649 3.001E+14
650 4.218E+14
651 3.960E+14
652 3.223E+14
653 2.672E+14
654 2.115E+14
655 1.760E+14
656 1.668E+14
657 1.738E+14
658 1.636E+14
659 1.358E+14
660 1.327E+14
661 2.094E+14
662 2.816E+14
663 2.547E+14
664 1.864E+14
665 1.395E+14
666 1.230E+14
667 1.200E+14
668 1.162E+14
669 1.104E+14
670 1.064E+14
671 1.031E+14
672 9.796E+13
673 9.217E+13
674 8.766E+13
675 8.510E+13
676 8.198E+13
677 8.200E+13
678 8.804E+13
679 9.736E+13
680 1.059E+14
681 1.067E+14
682 1.003E+14
683 9.555E+13
684 1.005E+14
685 1.290E+14
686 2.124E+14
687 2.984E+14
688 2.835E+14
689 2.017E+14
690 1.376E+14
691 1.052E+14
692 1.421E+14
693 2.057E+14
694 1.841E+14
695 1.156E+14
696 7.147E+13
697 4.893E+13
698 4.240E+13
699 4.237E+13
700 4.838E+13
701 5.735E+13
702 7.784E+13
703 1.195E+14
704 1.973E+14
705 3.942E+14
706 6.613E+14
707 8.152E+14
708 9.181E+14
709 8.189E+14
710 5.937E+14
711 6.685E+14
712 7.022E+14
713 4.764E+14
714 2.449E+14
715 1.117E+14
716 5.710E+13
717 3.982E+13
718 3.314E+13
719 3.178E+13
720 3.223E+13
721 3.111E+13
722 2.808E+13
723 2.636E+13
724 2.801E+13
725 2.829E+13
726 2.546E+13
727 2.469E+13
728 2.555E+13
729 2.536E+13
730 2.429E+13
731 2.259E+13
732 2.099E+13
733 1.760E+13
734 1.594E+13
735 1.764E+13
736 1.772E+13
737 2.085E+13
738 2.253E+13
739 2.037E+13
740 2.504E+13
741 3.472E+13
742 4.233E+13
743 3.727E+13
744 2.654E+13
745 2.344E+13
746 2.338E+13
747 2.239E+13
748 1.899E+13
749 2.133E+13
750 2.999E+13
751 2.947E+13
752 2.116E+13
753 0.000E+00
754 0.000E+00
755 0.000E+00
756 0.000E+00
757 0.000E+00
758 0.000E+00
759 0.000E+00
760 0.000E+00
761 0.000E+00
762 2.538E+13
763 3.821E+13
764 2.647E+13
765 0.000E+00
766 0.000E+00
767 0.000E+00
768 0.000E+00
769 0.000E+00
770 0.000E+00
771 9.826E+12
772 2.318E+13
773 2.193E+13
774 1.748E+13
775 1.126E+13
776 0.000E+00
777 0.000E+00
778 0.000E+00
779 0.000E+00
780 0.000E+00
781 0.000E+00
782 0.000E+00
783 0.000E+00
784 0.000E+00
785 0.000E+00
786 0.000E+00
787 0.000E+00
788 0.000E+00
789 0.000E+00
790 0.000E+00
791 0.000E+00
792 0.000E+00
793 0.000E+00
794 0.000E+00
795 0.000E+00
796 0.000E+00
797 0.000E+00
798 0.000E+00
799 0.000E+00
800 0.000E+00