280 0.000E+00
281 0.000E+00
282 0.000E+00
283 0.000E+00
284 0.000E+00
285 0.000E+00
286 0.000E+00
287 0.000E+00
288 0.000E+00
289 0.000E+00
290 0.000E+00
291 0.000E+00
292 0.000E+00
293 0.000E+00
294 0.000E+00
295 0.000E+00
296 0.000E+00
297 0.000E+00
298 0.000E+00
299 0.000E+00
300 0.000E+00
301 0.000E+00
302 0.000E+00
303 0.000E+00
304 0.000E+00
305 0.000E+00
306 0.000E+00
307 0.000E+00
308 0.000E+00
309 0.000E+00
310 0.000E+00
311 0.000E+00
312 0.000E+00
313 0.000E+00
314 0.000E+00
315 0.000E+00
316 0.000E+00
317 0.000E+00
318 0.000E+00
319 0.000E+00
320 0.000E+00
321 0.000E+00
322 0.000E+00
323 0.000E+00
324 0.000E+00
325 0.000E+00
326 0.000E+00
327 0.000E+00
328 0.000E+00
329 0.000E+00
330 0.000E+00
331 0.000E+00
332 0.000E+00
333 0.000E+00
334 0.000E+00
335 0.000E+00
336 0.000E+00
337 0.000E+00
338 0.000E+00
339 0.000E+00
340 0.000E+00
341 0.000E+00
342 0.000E+00
343 0.000E+00
344 0.000E+00
345 0.000E+00
346 0.000E+00
347 0.000E+00
348 0.000E+00
349 0.000E+00
350 0.000E+00
351 0.000E+00
352 0.000E+00
353 0.000E+00
354 0.000E+00
355 0.000E+00
356 0.000E+00
357 0.000E+00
359 0.000E+00
360 0.000E+00
361 0.000E+00
362 0.000E+00
363 4.609E+11
364 1.230E+12
365 1.443E+12
366 8.621E+11
367 0.000E+00
368 0.000E+00
369 0.000E+00
370 0.000E+00
371 0.000E+00
372 0.000E+00
373 0.000E+00
374 2.646E+10
375 0.000E+00
376 5.400E+11
377 2.531E+11
378 6.592E+11
379 6.547E+11
380 1.802E+11
381 6.301E+11
382 6.663E+11
383 5.976E+11
384 0.000E+00
385 0.000E+00
386 0.000E+00
387 0.000E+00
388 0.000E+00
389 0.000E+00
390 2.728E+11
391 0.000E+00
392 0.000E+00
393 0.000E+00
394 0.000E+00
395 0.000E+00
396 0.000E+00
397 0.000E+00
398 5.484E+11
399 6.813E+11
401 7.782E+11
402 2.024E+12
403 2.743E+13
404 4.957E+13
405 3.732E+13
406 1.174E+13
407 5.783E+12
408 4.597E+12
409 2.414E+12
410 1.858E+12
411 1.983E+12
412 2.297E+12
413 2.738E+12
414 3.110E+12
415 3.226E+12
416 3.343E+12
417 3.595E+12
418 4.030E+12
419 4.279E+12
420 4.569E+12
421 4.834E+12
422 5.183E+12
423 5.705E+12
424 6.197E+12
425 6.899E+12
426 7.496E+12
427 7.995E+12
428 8.420E+12
429 8.993E+12
430 9.576E+12
431 1.023E+13
432 1.102E+13
433 1.353E+13
434 7.477E+13
435 1.588E+14
436 1.486E+14
437 5.734E+13
438 1.963E+13
439 1.428E+13
440 1.400E+13
441 1.406E+13
442 1.412E+13
443 1.429E+13
444 1.436E+13
445 1.437E+13
446 1.442E+13
447 1.446E+13
448 1.454E+13
449 1.461E+13
450 1.451E+13
451 1.450E+13
452 1.422E+13
453 1.404E+13
454 1.419E+13
455 1.411E+13
456 1.391E+13
457 1.370E+13
458 1.358E+13
459 1.330E+13
460 1.320E+13
461 1.323E+13
462 1.313E+13
463 1.314E+13
464 1.322E+13
465 1.331E+13
466 1.346E+13
467 1.344E+13
468 1.294E+13
469 1.243E+13
470 1.235E+13
471 1.250E+13
472 1.245E+13
473 1.237E+13
474 1.222E+13
475 1.190E+13
476 1.171E+13
477 1.173E+13
478 1.215E+13
479 1.293E+13
480 1.418E+13
481 1.683E+13
482 2.234E+13
483 3.116E+13
484 4.312E+13
485 5.621E+13
486 6.620E+13
487 7.005E+13
488 6.948E+13
489 6.652E+13
490 6.231E+13
491 5.742E+13
492 5.309E+13
493 4.862E+13
494 4.368E+13
495 3.987E+13
496 3.755E+13
497 3.495E+13
498 3.042E+13
499 2.495E+13
500 2.001E+13
501 1.611E+13
502 1.334E+13
503 1.158E+13
504 1.043E+13
505 9.576E+12
506 8.919E+12
507 8.551E+12
508 8.536E+12
509 8.497E+12
510 8.407E+12
511 8.312E+12
512 8.257E+12
513 8.132E+12
514 7.952E+12
515 7.788E+12
516 7.644E+12
517 7.379E+12
518 7.094E+12
519 6.832E+12
520 6.574E+12
521 6.375E+12
522 6.193E+12
523 6.041E+12
524 5.926E+12
525 5.853E+12
526 5.923E+12
527 5.971E+12
528 5.865E+12
529 5.766E+12
530 5.893E+12
531 6.885E+12
532 1.051E+13
533 1.372E+13
534 1.361E+13
535 1.315E+13
536 1.677E+13
537 2.756E+13
538 4.425E+13
539 6.660E+13
540 1.120E+14
541 2.091E+14
542 3.191E+14
543 3.706E+14
544 3.790E+14
545 4.016E+14
546 3.503E+14
547 2.095E+14
548 1.316E+14
549 1.075E+14
550 9.422E+13
551 8.297E+13
552 7.321E+13
553 5.752E+13
554 3.806E+13
555 2.319E+13
556 1.548E+13
557 1.196E+13
558 1.003E+13
559 8.828E+12
560 8.117E+12
561 7.738E+12
562 7.524E+12
563 7.012E+12
564 6.328E+12
565 5.898E+12
566 5.659E+12
567 5.690E+12
568 5.859E+12
569 5.731E+12
570 5.467E+12
571 5.707E+12
572 6.585E+12
573 7.649E+12
574 8.794E+12
575 1.597E+13
576 3.286E+13
577 4.269E+13
578 4.994E+13
579 6.611E+13
580 6.994E+13
581 6.920E+13
582 7.673E+13
583 8.833E+13
584 8.855E+13
585 8.249E+13
586 9.925E+13
587 1.177E+14
588 1.052E+14
589 8.014E+13
590 6.548E+13
591 6.437E+13
592 7.633E+13
593 7.792E+13
594 5.854E+13
595 3.994E+13
596 3.190E+13
597 3.252E+13
598 4.185E+13
599 5.047E+13
600 4.616E+13
601 3.349E+13
602 2.407E+13
603 2.108E+13
604 2.211E+13
605 2.505E+13
606 3.084E+13
607 4.249E+13
608 6.941E+13
609 1.706E+14
610 4.719E+14
611 6.911E+14
612 5.862E+14
613 3.881E+14
614 2.665E+14
615 1.918E+14
616 1.317E+14
617 9.548E+13
618 8.182E+13
619 8.388E+13
620 8.863E+13
621 8.668E+13
622 7.936E+13
623 7.268E+13
624 6.796E+13
625 6.203E+13
626 5.675E+13
627 5.480E+13
628 5.651E+13
629 7.037E+13
630 9.831E+13
631 9.979E+13
632 6.500E+13
633 3.445E+13
634 2.022E+13
635 1.545E+13
636 1.331E+13
637 1.181E+13
638 1.071E+13
639 1.006E+13
640 9.868E+12
641 1.006E+13
642 1.059E+13
643 1.135E+13
644 1.193E+13
645 1.215E+13
646 1.187E+13
647 1.152E+13
648 1.319E+13
649 2.259E+13
650 3.158E+13
651 2.893E+13
652 2.215E+13
653 1.758E+13
654 1.316E+13
655 9.920E+12
656 8.853E+12
657 9.632E+12
658 9.280E+12
659 7.569E+12
660 7.573E+12
661 1.372E+13
662 2.011E+13
663 1.870E+13
664 1.366E+13
665 1.057E+13
666 1.018E+13
667 1.090E+13
668 1.093E+13
669 1.011E+13
670 9.232E+12
671 8.689E+12
672 8.196E+12
673 7.718E+12
674 7.315E+12
675 7.248E+12
676 7.570E+12
677 8.124E+12
678 8.894E+12
679 9.276E+12
680 9.078E+12
681 8.846E+12
682 8.360E+12
683 7.423E+12
684 6.332E+12
685 7.175E+12
686 1.300E+13
687 1.954E+13
688 1.849E+13
689 1.259E+13
690 8.073E+12
691 5.972E+12
692 9.188E+12
693 1.434E+13
694 1.280E+13
695 7.690E+12
696 4.539E+12
697 3.012E+12
698 2.656E+12
699 2.830E+12
700 3.298E+12
701 3.816E+12
702 5.080E+12
703 7.819E+12
704 1.280E+13
705 2.609E+13
706 4.541E+13
707 5.562E+13
708 6.301E+13
709 5.708E+13
710 3.966E+13
711 4.472E+13
712 4.920E+13
713 3.356E+13
714 1.669E+13
715 7.576E+12
716 3.905E+12
717 2.702E+12
718 2.270E+12
719 2.141E+12
720 2.042E+12
721 1.999E+12
722 2.003E+12
723 1.865E+12
724 1.808E+12
725 1.939E+12
726 1.795E+12
727 1.807E+12
728 1.848E+12
729 1.739E+12
730 1.794E+12
731 1.546E+12
732 0.000E+00
733 1.034E+12
734 1.431E+12
735 5.106E+11
736 0.000E+00
737 0.000E+00
738 0.000E+00
739 0.000E+00
740 1.493E+12
741 2.361E+12
742 2.981E+12
743 2.604E+12
744 1.921E+12
745 1.837E+12
746 1.807E+12
747 0.000E+00
748 0.000E+00
749 0.000E+00
750 0.000E+00
751 0.000E+00
752 0.000E+00
753 0.000E+00
754 0.000E+00
755 0.000E+00
756 0.000E+00
757 0.000E+00
758 0.000E+00
759 0.000E+00
760 0.000E+00
761 0.000E+00
762 0.000E+00
763 0.000E+00
764 1.487E+11
765 0.000E+00
766 0.000E+00
767 0.000E+00
768 0.000E+00
769 0.000E+00
770 0.000E+00
771 0.000E+00
772 0.000E+00
773 0.000E+00
774 0.000E+00
775 0.000E+00
776 0.000E+00
777 0.000E+00
778 0.000E+00
779 0.000E+00
780 0.000E+00
781 0.000E+00
782 0.000E+00
783 0.000E+00
784 0.000E+00
785 0.000E+00
786 0.000E+00
787 0.000E+00
788 0.000E+00
789 0.000E+00
790 0.000E+00
791 0.000E+00
792 0.000E+00
793 0.000E+00
794 0.000E+00
795 0.000E+00
796 0.000E+00
797 0.000E+00
798 0.000E+00
799 0.000E+00
800 0.000E+00