280 0.000E+00
281 0.000E+00
282 0.000E+00
283 0.000E+00
284 0.000E+00
285 0.000E+00
286 0.000E+00
287 0.000E+00
288 0.000E+00
289 0.000E+00
290 0.000E+00
291 0.000E+00
292 0.000E+00
293 0.000E+00
294 0.000E+00
295 0.000E+00
296 0.000E+00
297 0.000E+00
298 0.000E+00
299 0.000E+00
300 0.000E+00
301 2.485E+12
302 2.798E+12
303 2.258E+12
304 2.274E+12
305 2.657E+12
306 3.209E+12
307 3.802E+12
308 4.700E+12
309 5.427E+12
310 6.707E+12
311 2.061E+13
312 4.082E+13
313 3.634E+13
314 1.472E+13
315 9.678E+12
316 1.035E+13
317 1.109E+13
318 1.141E+13
319 1.178E+13
320 1.197E+13
321 1.225E+13
322 1.238E+13
323 1.229E+13
324 1.240E+13
325 1.246E+13
326 1.262E+13
327 1.249E+13
328 1.229E+13
329 1.235E+13
330 1.275E+13
331 1.298E+13
332 1.366E+13
333 1.603E+13
334 1.688E+13
335 1.520E+13
336 1.399E+13
337 1.380E+13
338 1.396E+13
339 1.402E+13
340 1.410E+13
341 1.377E+13
342 1.373E+13
343 1.373E+13
344 1.350E+13
345 1.289E+13
346 1.229E+13
347 1.201E+13
348 1.157E+13
349 1.098E+13
350 1.012E+13
351 9.456E+12
352 8.984E+12
353 8.297E+12
354 7.759E+12
355 7.104E+12
356 6.762E+12
357 6.243E+12
359 5.111E+12
360 4.677E+12
361 4.327E+12
362 4.176E+12
363 2.042E+13
364 7.352E+13
365 8.857E+13
366 4.054E+13
367 1.036E+13
368 3.529E+12
369 2.738E+12
370 2.424E+12
371 2.162E+12
372 1.872E+12
373 2.031E+12
374 2.305E+12
375 2.715E+12
376 3.118E+12
377 3.538E+12
378 4.136E+12
379 4.609E+12
380 4.588E+12
381 4.324E+12
382 3.780E+12
383 3.252E+12
384 2.552E+12
385 2.074E+12
386 1.693E+12
387 1.491E+12
388 1.557E+12
389 1.897E+12
390 1.859E+12
391 1.586E+12
392 1.451E+12
393 1.376E+12
394 1.412E+12
395 1.414E+12
396 1.649E+12
397 1.895E+12
398 2.062E+12
399 1.940E+12
401 2.522E+12
402 4.318E+12
403 7.961E+13
404 1.579E+14
405 1.259E+14
406 2.962E+13
407 1.573E+13
408 1.420E+13
409 7.476E+12
410 6.311E+12
411 7.355E+12
412 8.174E+12
413 8.875E+12
414 9.740E+12
415 9.694E+12
416 1.022E+13
417 1.060E+13
418 1.106E+13
419 1.158E+13
420 1.227E+13
421 1.330E+13
422 1.404E+13
423 1.455E+13
424 1.572E+13
425 1.705E+13
426 1.799E+13
427 1.899E+13
428 2.017E+13
429 2.135E+13
430 2.248E+13
431 2.398E+13
432 2.618E+13
433 3.146E+13
434 2.313E+14
435 5.628E+14
436 5.335E+14
437 1.597E+14
438 4.145E+13
439 3.213E+13
440 3.100E+13
441 3.106E+13
442 3.180E+13
443 3.190E+13
444 3.196E+13
445 3.215E+13
446 3.259E+13
447 3.246E+13
448 3.261E+13
449 3.289E+13
450 3.304E+13
451 3.295E+13
452 3.283E+13
453 3.243E+13
454 3.197E+13
455 3.175E+13
456 3.163E+13
457 3.149E+13
458 3.090E+13
459 3.023E+13
460 2.980E+13
461 2.967E+13
462 2.927E+13
463 2.885E+13
464 2.875E+13
465 2.826E+13
466 2.852E+13
467 2.828E+13
468 2.673E+13
469 2.503E+13
470 2.439E+13
471 2.435E+13
472 2.397E+13
473 2.333E+13
474 2.248E+13
475 2.140E+13
476 2.060E+13
477 2.039E+13
478 2.125E+13
479 2.320E+13
480 2.622E+13
481 3.328E+13
482 4.903E+13
483 7.441E+13
484 1.090E+14
485 1.475E+14
486 1.760E+14
487 1.848E+14
488 1.823E+14
489 1.740E+14
490 1.611E+14
491 1.467E+14
492 1.341E+14
493 1.213E+14
494 1.069E+14
495 9.483E+13
496 8.934E+13
497 8.358E+13
498 7.095E+13
499 5.443E+13
500 3.965E+13
501 2.861E+13
502 2.142E+13
503 1.691E+13
504 1.392E+13
505 1.176E+13
506 1.009E+13
507 9.139E+12
508 9.123E+12
509 9.271E+12
510 9.165E+12
511 9.061E+12
512 9.253E+12
513 9.240E+12
514 8.782E+12
515 8.523E+12
516 8.349E+12
517 7.908E+12
518 7.323E+12
519 6.941E+12
520 6.511E+12
521 6.100E+12
522 5.731E+12
523 5.516E+12
524 5.417E+12
525 5.345E+12
526 5.579E+12
527 5.891E+12
528 5.867E+12
529 5.669E+12
530 6.076E+12
531 8.352E+12
532 1.747E+13
533 2.610E+13
534 2.597E+13
535 2.518E+13
536 3.555E+13
537 6.644E+13
538 1.144E+14
539 1.798E+14
540 3.098E+14
541 6.046E+14
542 9.350E+14
543 1.076E+15
544 1.054E+15
545 1.043E+15
546 8.568E+14
547 4.949E+14
548 3.307E+14
549 2.950E+14
550 2.597E+14
551 2.293E+14
552 2.057E+14
553 1.595E+14
554 1.004E+14
555 5.755E+13
556 3.703E+13
557 2.808E+13
558 2.321E+13
559 2.011E+13
560 1.800E+13
561 1.701E+13
562 1.619E+13
563 1.469E+13
564 1.296E+13
565 1.169E+13
566 1.093E+13
567 1.099E+13
568 1.159E+13
569 1.149E+13
570 1.106E+13
571 1.204E+13
572 1.488E+13
573 1.850E+13
574 2.214E+13
575 3.896E+13
576 8.402E+13
577 1.058E+14
578 1.196E+14
579 1.677E+14
580 1.863E+14
581 1.885E+14
582 2.157E+14
583 2.563E+14
584 2.583E+14
585 2.333E+14
586 2.789E+14
587 3.371E+14
588 3.009E+14
589 2.248E+14
590 1.840E+14
591 1.767E+14
592 2.089E+14
593 2.122E+14
594 1.527E+14
595 9.958E+13
596 7.911E+13
597 8.057E+13
598 1.080E+14
599 1.357E+14
600 1.237E+14
601 8.600E+13
602 5.994E+13
603 5.253E+13
604 5.613E+13
605 6.373E+13
606 7.764E+13
607 1.059E+14
608 1.726E+14
609 4.272E+14
610 1.291E+15
611 1.932E+15
612 1.596E+15
613 1.014E+15
614 7.074E+14
615 5.102E+14
616 3.492E+14
617 2.579E+14
618 2.285E+14
619 2.427E+14
620 2.631E+14
621 2.585E+14
622 2.337E+14
623 2.113E+14
624 1.960E+14
625 1.761E+14
626 1.577E+14
627 1.504E+14
628 1.538E+14
629 1.903E+14
630 2.747E+14
631 2.812E+14
632 1.770E+14
633 8.951E+13
634 5.255E+13
635 4.041E+13
636 3.534E+13
637 3.185E+13
638 2.892E+13
639 2.682E+13
640 2.656E+13
641 2.757E+13
642 2.933E+13
643 3.163E+13
644 3.396E+13
645 3.480E+13
646 3.397E+13
647 3.359E+13
648 3.769E+13
649 6.439E+13
650 9.217E+13
651 8.361E+13
652 6.284E+13
653 5.079E+13
654 3.780E+13
655 2.792E+13
656 2.446E+13
657 2.711E+13
658 2.663E+13
659 2.143E+13
660 2.093E+13
661 3.840E+13
662 5.881E+13
663 5.551E+13
664 3.992E+13
665 3.161E+13
666 3.129E+13
667 3.405E+13
668 3.386E+13
669 3.084E+13
670 2.830E+13
671 2.662E+13
672 2.506E+13
673 2.368E+13
674 2.251E+13
675 2.243E+13
676 2.366E+13
677 2.554E+13
678 2.824E+13
679 2.924E+13
680 2.844E+13
681 2.829E+13
682 2.709E+13
683 2.344E+13
684 1.951E+13
685 2.099E+13
686 3.761E+13
687 5.761E+13
688 5.452E+13
689 3.643E+13
690 2.408E+13
691 1.798E+13
692 2.647E+13
693 4.318E+13
694 3.878E+13
695 2.198E+13
696 1.335E+13
697 9.127E+12
698 7.922E+12
699 8.269E+12
700 9.212E+12
701 1.088E+13
702 1.424E+13
703 2.193E+13
704 3.580E+13
705 7.216E+13
706 1.326E+14
707 1.637E+14
708 1.870E+14
709 1.751E+14
710 1.170E+14
711 1.291E+14
712 1.502E+14
713 1.031E+14
714 4.939E+13
715 2.331E+13
716 1.142E+13
717 7.680E+12
718 6.927E+12
719 6.229E+12
720 5.594E+12
721 5.344E+12
722 4.930E+12
723 4.934E+12
724 5.368E+12
725 5.528E+12
726 5.379E+12
727 5.575E+12
728 5.698E+12
729 5.333E+12
730 4.846E+12
731 4.226E+12
732 4.363E+12
733 4.453E+12
734 3.704E+12
735 0.000E+00
736 0.000E+00
737 4.131E+12
738 4.260E+12
739 3.626E+12
740 4.320E+12
741 7.184E+12
742 1.019E+13
743 8.709E+12
744 5.587E+12
745 4.822E+12
746 5.297E+12
747 4.893E+12
748 0.000E+00
749 0.000E+00
750 0.000E+00
751 0.000E+00
752 0.000E+00
753 0.000E+00
754 0.000E+00
755 0.000E+00
756 0.000E+00
757 0.000E+00
758 0.000E+00
759 0.000E+00
760 0.000E+00
761 0.000E+00
762 0.000E+00
763 1.735E+12
764 4.758E+12
765 2.023E+12
766 0.000E+00
767 0.000E+00
768 0.000E+00
769 0.000E+00
770 0.000E+00
771 0.000E+00
772 2.945E+12
773 3.470E+12
774 3.280E+12
775 4.437E+11
776 0.000E+00
777 0.000E+00
778 0.000E+00
779 0.000E+00
780 0.000E+00
781 0.000E+00
782 0.000E+00
783 0.000E+00
784 0.000E+00
785 0.000E+00
786 0.000E+00
787 0.000E+00
788 0.000E+00
789 0.000E+00
790 0.000E+00
791 0.000E+00
792 0.000E+00
793 0.000E+00
794 0.000E+00
795 0.000E+00
796 0.000E+00
797 0.000E+00
798 0.000E+00
799 0.000E+00
800 0.000E+00