280 0.000E+00
282 0.000E+00
284 0.000E+00
286 0.000E+00
288 0.000E+00
290 0.000E+00
292 0.000E+00
294 0.000E+00
296 0.000E+00
298 0.000E+00
300 0.000E+00
302 0.000E+00
304 0.000E+00
306 0.000E+00
308 5.351E+10
310 6.376E+10
312 8.771E+10
314 1.021E+11
316 1.235E+11
318 1.482E+11
320 1.789E+11
322 2.086E+11
324 2.422E+11
326 2.777E+11
328 3.106E+11
330 3.430E+11
332 3.746E+11
334 4.089E+11
336 4.616E+11
338 4.896E+11
340 5.302E+11
342 5.732E+11
344 6.222E+11
346 6.578E+11
348 7.131E+11
350 7.562E+11
352 8.108E+11
354 8.644E+11
356 9.264E+11
358 9.917E+11
360 1.055E+12
362 1.089E+12
364 1.161E+12
366 1.205E+12
368 1.269E+12
370 1.357E+12
372 1.458E+12
374 1.539E+12
376 1.594E+12
378 1.623E+12
380 1.757E+12
382 1.846E+12
384 1.935E+12
386 1.992E+12
388 2.101E+12
390 2.236E+12
392 2.250E+12
394 2.297E+12
396 2.357E+12
398 2.428E+12
400 2.553E+12
402 2.657E+12
404 2.793E+12
406 2.866E+12
408 3.008E+12
410 3.037E+12
412 3.253E+12
414 3.366E+12
416 3.376E+12
418 3.581E+12
420 3.801E+12
422 3.938E+12
424 4.063E+12
426 4.146E+12
428 4.292E+12
430 4.497E+12
432 4.675E+12
434 4.779E+12
436 4.990E+12
438 5.183E+12
440 5.294E+12
442 5.624E+12
444 5.776E+12
446 5.974E+12
448 6.131E+12
450 6.381E+12
452 6.539E+12
454 6.767E+12
456 7.024E+12
458 7.239E+12
460 7.445E+12
462 7.756E+12
464 7.901E+12
466 8.265E+12
468 8.539E+12
470 8.737E+12
472 8.983E+12
474 9.272E+12
476 9.562E+12
478 9.865E+12
480 1.016E+13
482 1.047E+13
484 1.077E+13
486 1.107E+13
488 1.139E+13
490 1.173E+13
492 1.202E+13
494 1.237E+13
496 1.265E+13
498 1.304E+13
500 1.340E+13
502 1.367E+13
504 1.402E+13
506 1.440E+13
508 1.481E+13
510 1.516E+13
512 1.540E+13
514 1.592E+13
516 1.630E+13
518 1.663E+13
520 1.706E+13
522 1.750E+13
524 1.790E+13
526 1.830E+13
528 1.873E+13
530 1.913E+13
532 1.956E+13
534 2.005E+13
536 2.050E+13
538 2.093E+13
540 2.135E+13
542 2.178E+13
544 2.223E+13
546 2.271E+13
548 2.321E+13
550 2.370E+13
552 2.418E+13
554 2.464E+13
556 2.517E+13
558 2.570E+13
560 2.620E+13
562 2.675E+13
564 2.726E+13
566 2.773E+13
568 2.835E+13
570 2.881E+13
572 2.934E+13
574 2.989E+13
576 3.031E+13
578 3.097E+13
580 3.156E+13
582 3.209E+13
584 3.271E+13
586 3.326E+13
588 3.381E+13
590 3.437E+13
592 3.498E+13
594 3.571E+13
596 3.627E+13
598 3.692E+13
600 3.745E+13
602 3.799E+13
604 3.866E+13
606 3.931E+13
608 4.004E+13
610 4.056E+13
612 4.122E+13
614 4.176E+13
616 4.255E+13
618 4.315E+13
620 4.379E+13
622 4.446E+13
624 4.485E+13
626 4.555E+13
628 4.629E+13
630 4.696E+13
632 4.770E+13
634 4.827E+13
636 4.901E+13
638 4.962E+13
640 5.034E+13
642 5.115E+13
644 5.186E+13
646 5.249E+13
648 5.322E+13
650 5.386E+13
652 5.461E+13
654 5.540E+13
656 5.612E+13
658 5.695E+13
660 5.747E+13
662 5.817E+13
664 5.875E+13
666 5.954E+13
668 6.035E+13
670 6.095E+13
672 6.163E+13
674 6.231E+13
676 6.309E+13
678 6.382E+13
680 6.451E+13
682 6.540E+13
684 6.605E+13
686 6.673E+13
688 6.748E+13
690 6.801E+13
692 6.909E+13
694 6.956E+13
696 7.046E+13
698 7.103E+13
700 7.176E+13
702 7.238E+13
704 7.335E+13
706 7.401E+13
708 7.451E+13
710 7.552E+13
712 7.619E+13
714 7.672E+13
716 7.744E+13
718 7.805E+13
720 7.892E+13
722 7.973E+13
724 8.031E+13
726 8.115E+13
728 8.169E+13
730 8.220E+13
732 8.304E+13
734 8.363E+13
736 8.450E+13
738 8.493E+13
740 8.589E+13
742 8.655E+13
744 8.709E+13
746 8.737E+13
748 8.823E+13
750 8.889E+13
752 8.971E+13
754 9.038E+13
756 9.121E+13
758 9.166E+13
760 9.256E+13
762 9.319E+13
764 9.384E+13
766 9.453E+13
768 9.507E+13
770 9.617E+13
772 9.628E+13
774 9.685E+13
776 9.798E+13
778 9.863E+13
780 9.906E+13
782 9.949E+13
784 1.006E+14
786 1.012E+14
788 1.018E+14
790 1.025E+14
792 1.033E+14
794 1.038E+14
796 1.044E+14
798 1.053E+14
800 1.055E+14