280 0.000E+00
282 0.000E+00
284 0.000E+00
286 0.000E+00
288 0.000E+00
290 0.000E+00
292 0.000E+00
294 0.000E+00
296 0.000E+00
298 0.000E+00
300 4.952E+10
302 6.120E+10
304 7.145E+10
306 7.330E+10
308 8.800E+10
310 1.036E+11
312 1.172E+11
314 1.263E+11
316 1.511E+11
318 1.658E+11
320 1.853E+11
322 2.070E+11
324 2.311E+11
326 2.610E+11
328 2.859E+11
330 2.941E+11
332 3.278E+11
334 3.466E+11
336 3.764E+11
338 4.052E+11
340 4.274E+11
342 4.575E+11
344 4.977E+11
346 5.202E+11
348 5.604E+11
350 6.010E+11
352 6.438E+11
354 6.801E+11
356 7.245E+11
358 7.789E+11
360 8.259E+11
362 8.614E+11
364 9.139E+11
366 9.575E+11
368 1.009E+12
370 1.085E+12
372 1.168E+12
374 1.241E+12
376 1.291E+12
378 1.325E+12
380 1.440E+12
382 1.523E+12
384 1.600E+12
386 1.644E+12
388 1.747E+12
390 1.860E+12
392 1.884E+12
394 1.913E+12
396 1.977E+12
398 2.042E+12
400 2.156E+12
402 2.259E+12
404 2.380E+12
406 2.458E+12
408 2.592E+12
410 2.636E+12
412 2.815E+12
414 2.942E+12
416 2.956E+12
418 3.160E+12
420 3.340E+12
422 3.484E+12
424 3.616E+12
426 3.708E+12
428 3.848E+12
430 4.051E+12
432 4.228E+12
434 4.334E+12
436 4.556E+12
438 4.749E+12
440 4.859E+12
442 5.190E+12
444 5.333E+12
446 5.550E+12
448 5.713E+12
450 5.954E+12
452 6.123E+12
454 6.353E+12
456 6.619E+12
458 6.854E+12
460 7.069E+12
462 7.384E+12
464 7.557E+12
466 7.897E+12
468 8.185E+12
470 8.398E+12
472 8.654E+12
474 8.962E+12
476 9.267E+12
478 9.598E+12
480 9.898E+12
482 1.024E+13
484 1.056E+13
486 1.090E+13
488 1.123E+13
490 1.160E+13
492 1.193E+13
494 1.232E+13
496 1.262E+13
498 1.304E+13
500 1.345E+13
502 1.378E+13
504 1.416E+13
506 1.458E+13
508 1.502E+13
510 1.542E+13
512 1.573E+13
514 1.628E+13
516 1.671E+13
518 1.711E+13
520 1.760E+13
522 1.810E+13
524 1.857E+13
526 1.904E+13
528 1.955E+13
530 2.003E+13
532 2.054E+13
534 2.109E+13
536 2.164E+13
538 2.213E+13
540 2.264E+13
542 2.316E+13
544 2.370E+13
546 2.430E+13
548 2.487E+13
550 2.545E+13
552 2.602E+13
554 2.659E+13
556 2.725E+13
558 2.789E+13
560 2.847E+13
562 2.916E+13
564 2.979E+13
566 3.040E+13
568 3.117E+13
570 3.176E+13
572 3.239E+13
574 3.309E+13
576 3.365E+13
578 3.450E+13
580 3.523E+13
582 3.588E+13
584 3.666E+13
586 3.736E+13
588 3.809E+13
590 3.884E+13
592 3.963E+13
594 4.052E+13
596 4.119E+13
598 4.202E+13
600 4.279E+13
602 4.355E+13
604 4.439E+13
606 4.521E+13
608 4.611E+13
610 4.682E+13
612 4.770E+13
614 4.850E+13
616 4.956E+13
618 5.030E+13
620 5.111E+13
622 5.193E+13
624 5.252E+13
626 5.347E+13
628 5.451E+13
630 5.546E+13
632 5.643E+13
634 5.720E+13
636 5.816E+13
638 5.900E+13
640 5.999E+13
642 6.115E+13
644 6.219E+13
646 6.308E+13
648 6.401E+13
650 6.489E+13
652 6.590E+13
654 6.702E+13
656 6.805E+13
658 6.917E+13
660 7.003E+13
662 7.097E+13
664 7.186E+13
666 7.289E+13
668 7.398E+13
670 7.493E+13
672 7.592E+13
674 7.699E+13
676 7.816E+13
678 7.927E+13
680 8.024E+13
682 8.142E+13
684 8.235E+13
686 8.336E+13
688 8.459E+13
690 8.548E+13
692 8.715E+13
694 8.793E+13
696 8.917E+13
698 9.005E+13
700 9.109E+13
702 9.198E+13
704 9.345E+13
706 9.473E+13
708 9.567E+13
710 9.721E+13
712 9.834E+13
714 9.916E+13
716 1.001E+14
718 1.010E+14
720 1.025E+14
722 1.039E+14
724 1.049E+14
726 1.064E+14
728 1.075E+14
730 1.083E+14
732 1.095E+14
734 1.103E+14
736 1.115E+14
738 1.123E+14
740 1.138E+14
742 1.150E+14
744 1.163E+14
746 1.171E+14
748 1.185E+14
750 1.195E+14
752 1.206E+14
754 1.214E+14
756 1.225E+14
758 1.233E+14
760 1.247E+14
762 1.258E+14
764 1.269E+14
766 1.282E+14
768 1.293E+14
770 1.309E+14
772 1.313E+14
774 1.322E+14
776 1.339E+14
778 1.349E+14
780 1.357E+14
782 1.367E+14
784 1.384E+14
786 1.396E+14
788 1.405E+14
790 1.417E+14
792 1.428E+14
794 1.436E+14
796 1.446E+14
798 1.460E+14
800 1.466E+14