280 0.000E+00
282 0.000E+00
284 0.000E+00
286 0.000E+00
288 0.000E+00
290 0.000E+00
292 0.000E+00
294 0.000E+00
296 0.000E+00
298 0.000E+00
300 0.000E+00
302 0.000E+00
304 0.000E+00
306 0.000E+00
308 0.000E+00
310 0.000E+00
312 0.000E+00
314 0.000E+00
316 0.000E+00
318 0.000E+00
320 0.000E+00
322 0.000E+00
324 0.000E+00
326 0.000E+00
328 0.000E+00
330 0.000E+00
332 0.000E+00
334 0.000E+00
336 0.000E+00
338 0.000E+00
340 0.000E+00
342 0.000E+00
344 0.000E+00
346 0.000E+00
348 0.000E+00
350 0.000E+00
352 0.000E+00
354 0.000E+00
356 0.000E+00
358 0.000E+00
360 0.000E+00
362 0.000E+00
364 0.000E+00
366 0.000E+00
368 0.000E+00
370 0.000E+00
372 0.000E+00
374 0.000E+00
376 0.000E+00
378 0.000E+00
380 0.000E+00
382 0.000E+00
384 0.000E+00
386 0.000E+00
388 0.000E+00
390 0.000E+00
392 0.000E+00
394 0.000E+00
396 0.000E+00
398 0.000E+00
400 3.235E+10
402 7.197E+10
404 9.333E+10
406 1.239E+11
408 1.778E+11
410 2.357E+11
412 3.264E+11
414 4.291E+11
416 5.642E+11
418 7.677E+11
420 1.028E+12
422 1.335E+12
424 1.704E+12
426 2.125E+12
428 2.660E+12
430 3.340E+12
432 4.084E+12
434 4.885E+12
436 5.927E+12
438 7.078E+12
440 8.252E+12
442 1.011E+13
444 1.196E+13
446 1.429E+13
448 1.659E+13
450 1.881E+13
452 1.990E+13
454 1.998E+13
456 1.907E+13
458 1.736E+13
460 1.556E+13
462 1.423E+13
464 1.305E+13
466 1.242E+13
468 1.180E+13
470 1.106E+13
472 1.039E+13
474 9.820E+12
476 9.395E+12
478 9.213E+12
480 9.205E+12
482 9.443E+12
484 9.784E+12
486 1.023E+13
488 1.077E+13
490 1.139E+13
492 1.202E+13
494 1.280E+13
496 1.349E+13
498 1.434E+13
500 1.519E+13
502 1.592E+13
504 1.671E+13
506 1.749E+13
508 1.828E+13
510 1.897E+13
512 1.950E+13
514 2.033E+13
516 2.100E+13
518 2.162E+13
520 2.231E+13
522 2.303E+13
524 2.373E+13
526 2.446E+13
528 2.521E+13
530 2.593E+13
532 2.673E+13
534 2.762E+13
536 2.853E+13
538 2.936E+13
540 3.024E+13
542 3.121E+13
544 3.224E+13
546 3.338E+13
548 3.451E+13
550 3.569E+13
552 3.690E+13
554 3.814E+13
556 3.956E+13
558 4.098E+13
560 4.233E+13
562 4.391E+13
564 4.547E+13
566 4.699E+13
568 4.876E+13
570 5.032E+13
572 5.200E+13
574 5.377E+13
576 5.529E+13
578 5.726E+13
580 5.908E+13
582 6.070E+13
584 6.255E+13
586 6.422E+13
588 6.577E+13
590 6.730E+13
592 6.881E+13
594 7.038E+13
596 7.161E+13
598 7.296E+13
600 7.387E+13
602 7.465E+13
604 7.540E+13
606 7.601E+13
608 7.676E+13
610 7.690E+13
612 7.714E+13
614 7.696E+13
616 7.702E+13
618 7.657E+13
620 7.604E+13
622 7.548E+13
624 7.441E+13
626 7.359E+13
628 7.264E+13
630 7.151E+13
632 7.034E+13
634 6.895E+13
636 6.767E+13
638 6.608E+13
640 6.452E+13
642 6.306E+13
644 6.140E+13
646 5.962E+13
648 5.792E+13
650 5.613E+13
652 5.436E+13
654 5.260E+13
656 5.076E+13
658 4.898E+13
660 4.708E+13
662 4.529E+13
664 4.349E+13
666 4.175E+13
668 4.010E+13
670 3.832E+13
672 3.664E+13
674 3.503E+13
676 3.352E+13
678 3.206E+13
680 3.057E+13
682 2.922E+13
684 2.779E+13
686 2.640E+13
688 2.514E+13
690 2.382E+13
692 2.277E+13
694 2.156E+13
696 2.051E+13
698 1.939E+13
700 1.836E+13
702 1.734E+13
704 1.646E+13
706 1.558E+13
708 1.469E+13
710 1.393E+13
712 1.317E+13
714 1.240E+13
716 1.169E+13
718 1.105E+13
720 1.044E+13
722 9.865E+12
724 9.263E+12
726 8.761E+12
728 8.203E+12
730 7.708E+12
732 7.222E+12
734 6.793E+12
736 6.396E+12
738 5.935E+12
740 5.602E+12
742 5.220E+12
744 4.867E+12
746 4.513E+12
748 4.239E+12
750 3.908E+12
752 3.650E+12
754 3.370E+12
756 3.153E+12
758 2.881E+12
760 2.724E+12
762 2.553E+12
764 2.373E+12
766 2.182E+12
768 2.032E+12
770 1.873E+12
772 1.703E+12
774 1.534E+12
776 1.404E+12
778 1.260E+12
780 1.094E+12
782 9.483E+11
784 8.144E+11
786 7.324E+11
788 5.643E+11
790 4.209E+11
792 2.756E+11
794 0.000E+00
796 0.000E+00
798 0.000E+00
800 0.000E+00