 300.00     3.757E+12
 301.00     7.747E+12
 302.00     9.908E+12
 303.00     1.744E+13
 304.00     1.945E+13
 305.00     2.644E+13
 306.00     2.798E+13
 307.00     4.137E+13
 308.00     4.680E+13
 309.00     4.194E+13
 310.00     5.783E+13
 311.00     7.503E+13
 312.00     7.424E+13
 313.00     8.452E+13
 314.00     8.546E+13
 315.00     8.848E+13
 316.00     8.890E+13
 317.00     1.258E+14
 318.00     9.970E+13
 319.00     1.219E+14
 320.00     1.486E+14
 321.00     1.270E+14
 322.00     1.273E+14
 323.00     1.321E+14
 324.00     1.550E+14
 325.00     1.736E+14
 326.00     2.110E+14
 327.00     1.963E+14
 328.00     1.812E+14
 329.00     2.355E+14
 330.00     2.140E+14
 331.00     2.114E+14
 332.00     2.085E+14
 333.00     1.959E+14
 334.00     2.189E+14
 335.00     2.221E+14
 336.00     1.736E+14
 337.00     1.905E+14
 338.00     2.012E+14
 339.00     2.188E+14
 340.00     2.339E+14
 341.00     2.078E+14
 342.00     2.303E+14
 343.00     2.392E+14
 344.00     1.677E+14
 345.00     2.298E+14
 346.00     2.150E+14
 347.00     2.101E+14
 348.00     2.310E+14
 349.00     1.936E+14
 350.00     2.712E+14
 351.00     2.337E+14
 352.00     2.109E+14
 353.00     2.539E+14
 354.00     2.748E+14
 355.00     2.569E+14
 356.00     2.385E+14
 357.00     2.028E+14
 358.00     1.566E+14
 359.00     2.635E+14
 360.00     2.444E+14
 361.00     2.204E+14
 362.00     2.589E+14
 363.00     2.303E+14
 364.00     2.513E+14
 365.00     3.064E+14
 366.00     3.244E+14
 367.00     3.081E+14
 368.00     2.707E+14
 369.00     3.249E+14
 370.00     2.948E+14
 371.00     3.375E+14
 372.00     2.494E+14
 373.00     2.255E+14
 374.00     2.476E+14
 375.00     2.795E+14
 376.00     2.792E+14
 377.00     3.326E+14
 378.00     3.627E+14
 379.00     2.685E+14
 380.00     3.231E+14
 381.00     3.037E+14
 382.00     2.025E+14
 383.00     1.779E+14
 384.00     2.671E+14
 385.00     2.644E+14
 386.00     2.697E+14
 387.00     2.508E+14
 388.00     2.515E+14
 389.00     3.173E+14
 390.00     3.119E+14
 391.00     3.702E+14
 392.00     2.778E+14
 393.00     1.208E+14
 394.00     2.845E+14
 395.00     3.663E+14
 396.00     2.153E+14
 397.00     2.486E+14
 398.00     4.274E+14
 399.00     4.449E+14
 400.00     4.680E+14
 401.00     4.819E+14
 402.00     5.006E+14
 403.00     4.586E+14
 404.00     4.501E+14
 405.00     4.679E+14
 406.00     4.410E+14
 407.00     4.450E+14
 408.00     4.960E+14
 409.00     4.866E+14
 410.00     4.223E+14
 411.00     5.080E+14
 412.00     5.039E+14
 413.00     4.891E+14
 414.00     5.031E+14
 415.00     4.816E+14
 416.00     5.246E+14
 417.00     4.799E+14
 418.00     4.841E+14
 419.00     5.005E+14
 420.00     5.034E+14
 421.00     5.257E+14
 422.00     4.667E+14
 423.00     5.093E+14
 424.00     5.116E+14
 425.00     4.961E+14
 426.00     5.020E+14
 427.00     4.599E+14
 428.00     4.877E+14
 429.00     4.465E+14
 430.00     3.297E+14
 431.00     4.623E+14
 432.00     4.943E+14
 433.00     5.438E+14
 434.00     4.704E+14
 435.00     5.358E+14
 436.00     5.766E+14
 437.00     5.443E+14
 438.00     4.859E+14
 439.00     5.522E+14
 440.00     5.217E+14
 441.00     5.841E+14
 442.00     6.085E+14
 443.00     5.855E+14
 444.00     6.045E+14
 445.00     5.725E+14
 446.00     5.703E+14
 447.00     6.227E+14
 448.00     6.040E+14
 449.00     6.020E+14
 450.00     6.467E+14
 451.00     6.379E+14
 452.00     6.119E+14
 453.00     5.907E+14
 454.00     6.288E+14
 455.00     6.060E+14
 456.00     6.482E+14
 457.00     6.550E+14
 458.00     6.141E+14
 459.00     6.290E+14
 460.00     6.379E+14
 461.00     6.563E+14
 462.00     6.554E+14
 463.00     6.444E+14
 464.00     6.247E+14
 465.00     6.371E+14
 466.00     6.204E+14
 467.00     6.433E+14
 468.00     6.318E+14
 469.00     6.422E+14
 470.00     6.045E+14
 471.00     6.327E+14
 472.00     6.632E+14
 473.00     6.290E+14
 474.00     6.609E+14
 475.00     6.507E+14
 476.00     6.337E+14
 477.00     6.770E+14
 478.00     6.603E+14
 479.00     6.681E+14
 480.00     6.569E+14
 481.00     6.727E+14
 482.00     6.697E+14
 483.00     6.557E+14
 484.00     6.444E+14
 485.00     6.162E+14
 486.00     5.122E+14
 487.00     5.965E+14
 488.00     6.443E+14
 489.00     6.419E+14
 490.00     6.694E+14
 491.00     6.467E+14
 492.00     6.037E+14
 493.00     6.512E+14
 494.00     6.613E+14
 495.00     6.396E+14
 496.00     6.747E+14
 497.00     6.682E+14
 498.00     6.188E+14
 499.00     6.551E+14
 500.00     6.095E+14
 501.00     6.043E+14
 502.00     6.243E+14
 503.00     6.508E+14
 504.00     6.201E+14
 505.00     6.438E+14
 506.00     6.565E+14
 507.00     6.446E+14
 508.00     6.140E+14
 509.00     6.519E+14
 510.00     6.251E+14
 511.00     6.523E+14
 512.00     6.297E+14
 513.00     6.274E+14
 514.00     5.993E+14
 515.00     6.362E+14
 516.00     5.752E+14
 517.00     5.559E+14
 518.00     5.623E+14
 519.00     6.072E+14
 520.00     6.215E+14
 521.00     6.328E+14
 522.00     6.228E+14
 523.00     6.350E+14
 524.00     6.615E+14
 525.00     6.491E+14
 526.00     5.973E+14
 527.00     5.908E+14
 528.00     6.441E+14
 529.00     6.558E+14
 530.00     6.596E+14
 531.00     6.716E+14
 532.00     6.187E+14
 533.00     6.499E+14
 534.00     6.379E+14
 535.00     6.691E+14
 536.00     6.517E+14
 537.00     6.381E+14
 538.00     6.583E+14
 539.00     6.289E+14
 540.00     6.238E+14
 541.00     6.426E+14
 542.00     6.552E+14
 543.00     6.341E+14
 544.00     6.576E+14
 545.00     6.665E+14
 546.00     6.624E+14
 547.00     6.482E+14
 548.00     6.610E+14
 549.00     6.699E+14
 550.00     6.653E+14
 551.00     6.620E+14
 552.00     6.644E+14
 553.00     6.613E+14
 554.00     6.709E+14
 555.00     6.735E+14
 556.00     6.577E+14
 557.00     6.468E+14
 558.00     6.416E+14
 559.00     6.320E+14
 560.00     6.453E+14
 561.00     6.485E+14
 562.00     6.477E+14
 563.00     6.574E+14
 564.00     6.582E+14
 565.00     6.472E+14
 566.00     6.356E+14
 567.00     6.677E+14
 568.00     6.401E+14
 569.00     6.605E+14
 570.00     6.422E+14
 571.00     6.321E+14
 572.00     6.732E+14
 573.00     6.698E+14
 574.00     6.666E+14
 575.00     6.544E+14
 576.00     6.599E+14
 577.00     6.664E+14
 578.00     6.392E+14
 579.00     6.565E+14
 580.00     6.632E+14
 581.00     6.606E+14
 582.00     6.728E+14
 583.00     6.690E+14
 584.00     6.696E+14
 585.00     6.488E+14
 586.00     6.557E+14
 587.00     6.704E+14
 588.00     6.634E+14
 589.00     5.680E+14
 590.00     6.605E+14
 591.00     6.571E+14
 592.00     6.670E+14
 593.00     6.545E+14
 594.00     6.650E+14
 595.00     6.488E+14
 596.00     6.634E+14
 597.00     6.582E+14
 598.00     6.469E+14
 599.00     6.546E+14
 600.00     6.481E+14
 601.00     6.432E+14
 602.00     6.352E+14
 603.00     6.621E+14
 604.00     6.592E+14
 605.00     6.566E+14
 606.00     6.576E+14
 607.00     6.684E+14
 608.00     6.519E+14
 609.00     6.584E+14
 610.00     6.461E+14
 611.00     6.649E+14
 612.00     6.492E+14
 613.00     6.405E+14
 614.00     6.547E+14
 615.00     6.526E+14
 616.00     6.293E+14
 617.00     6.392E+14
 618.00     6.613E+14
 619.00     6.559E+14
 620.00     6.662E+14
 621.00     6.576E+14
 622.00     6.580E+14
 623.00     6.456E+14
 624.00     6.407E+14
 625.00     6.412E+14
 626.00     6.560E+14
 627.00     6.648E+14
 628.00     6.606E+14
 629.00     6.605E+14
 630.00     6.516E+14
 631.00     6.453E+14
 632.00     6.538E+14
 633.00     6.516E+14
 634.00     6.506E+14
 635.00     6.630E+14
 636.00     6.448E+14
 637.00     6.647E+14
 638.00     6.621E+14
 639.00     6.570E+14
 640.00     6.408E+14
 641.00     6.473E+14
 642.00     6.528E+14
 643.00     6.548E+14
 644.00     6.554E+14
 645.00     6.428E+14
 646.00     6.518E+14
 647.00     6.536E+14
 648.00     6.588E+14
 649.00     6.251E+14
 650.00     6.530E+14
 651.00     6.583E+14
 652.00     6.509E+14
 653.00     6.550E+14
 654.00     6.468E+14
 655.00     6.282E+14
 656.00     5.074E+14
 657.00     6.214E+14
 658.00     6.423E+14
 659.00     6.341E+14
 660.00     6.467E+14
 661.00     6.453E+14
 662.00     6.482E+14
 663.00     6.355E+14
 664.00     6.382E+14
 665.00     6.479E+14
 666.00     6.395E+14
 667.00     6.444E+14
 668.00     6.530E+14
 669.00     6.538E+14
 670.00     6.513E+14
 671.00     6.436E+14
 672.00     6.523E+14
 673.00     6.581E+14
 674.00     6.563E+14
 675.00     6.506E+14
 676.00     6.527E+14
 677.00     6.510E+14
 678.00     6.463E+14
 679.00     6.447E+14
 680.00     6.423E+14
 681.00     6.458E+14
 682.00     6.497E+14
 683.00     6.485E+14
 684.00     6.360E+14
 685.00     6.453E+14
 686.00     6.475E+14
 687.00     6.515E+14
 688.00     6.422E+14
 689.00     6.494E+14
 690.00     6.451E+14
 691.00     6.400E+14
 692.00     6.433E+14
 693.00     6.474E+14
 694.00     6.461E+14
 695.00     6.468E+14
 696.00     6.502E+14
 697.00     6.455E+14
 698.00     6.420E+14
 699.00     6.524E+14
 700.00     6.349E+14
 701.00     6.331E+14
 702.00     6.385E+14
 703.00     6.401E+14
 704.00     6.444E+14
 705.00     6.444E+14
 706.00     6.408E+14
 707.00     6.400E+14
 708.00     6.345E+14
 709.00     6.330E+14
 710.00     6.404E+14
 711.00     6.318E+14
 712.00     6.292E+14
 713.00     6.292E+14
 714.00     6.313E+14
 715.00     6.262E+14
 716.00     6.203E+14
 717.00     6.344E+14
 718.00     6.150E+14
 719.00     6.189E+14
 720.00     6.163E+14
 721.00     6.255E+14
 722.00     6.156E+14
 723.00     6.249E+14
 724.00     6.235E+14
 725.00     6.210E+14
 726.00     6.189E+14
 727.00     6.226E+14
 728.00     6.120E+14
 729.00     5.999E+14
 730.00     6.171E+14
 731.00     6.132E+14
 732.00     6.099E+14
 733.00     6.167E+14
 734.00     6.191E+14
 735.00     6.074E+14
 736.00     6.111E+14
 737.00     6.132E+14
 738.00     6.025E+14
 739.00     6.013E+14
 740.00     6.049E+14
 741.00     5.893E+14
 742.00     5.996E+14
 743.00     6.127E+14
 744.00     5.994E+14
 745.00     6.147E+14
 746.00     6.078E+14
 747.00     6.120E+14
 748.00     6.129E+14
 749.00     6.002E+14
 750.00     6.088E+14
 751.00     6.012E+14
 752.00     6.038E+14
 753.00     6.052E+14
 754.00     6.069E+14
 755.00     6.029E+14
 756.00     6.048E+14
 757.00     5.999E+14
 758.00     5.948E+14
 759.00     6.053E+14
 760.00     5.982E+14
 761.00     5.965E+14
 762.00     5.977E+14
 763.00     6.054E+14
 764.00     6.040E+14
 765.00     5.890E+14
 766.00     5.684E+14
 767.00     5.993E+14
 768.00     5.960E+14
 769.00     5.882E+14
 770.00     5.901E+14
 771.00     5.800E+14
 772.00     5.846E+14
 773.00     5.923E+14
 774.00     5.842E+14
 775.00     5.773E+14
 776.00     5.882E+14
 777.00     5.790E+14
 778.00     5.806E+14
 779.00     5.783E+14
 780.00     5.789E+14
 781.00     5.791E+14
 782.00     5.863E+14
 783.00     5.705E+14
 784.00     5.848E+14
 785.00     5.801E+14
 786.00     5.856E+14
 787.00     5.821E+14
 788.00     5.826E+14
 789.00     5.836E+14
 790.00     5.848E+14
 791.00     5.749E+14
 792.00     5.730E+14
 793.00     5.556E+14
 794.00     5.577E+14
 795.00     5.756E+14
 796.00     5.766E+14
 797.00     5.753E+14
 798.00     5.747E+14
 799.00     5.721E+14
 800.00     5.640E+14
 801.00     5.740E+14
 802.00     5.714E+14
 803.00     5.693E+14
 804.00     5.641E+14
 805.00     5.678E+14
 806.00     5.755E+14
 807.00     5.682E+14
 808.00     5.653E+14
 809.00     5.647E+14
 810.00     5.669E+14
 811.00     5.731E+14
 812.00     5.742E+14
 813.00     5.716E+14
 814.00     5.707E+14
 815.00     5.691E+14
 816.00     5.674E+14
 817.00     5.674E+14
 818.00     5.510E+14
 819.00     5.506E+14
 820.00     5.576E+14
 821.00     5.509E+14
 822.00     5.512E+14
 823.00     5.559E+14
 824.00     5.625E+14
 825.00     5.554E+14
 826.00     5.612E+14
 827.00     5.575E+14
 828.00     5.610E+14
 829.00     5.564E+14
 830.00     5.553E+14
 831.00     5.558E+14
 832.00     5.475E+14
 833.00     5.434E+14
 834.00     5.412E+14
 835.00     5.571E+14
 836.00     5.493E+14
 837.00     5.551E+14
 838.00     5.485E+14
 839.00     5.469E+14
 840.00     5.532E+14
 841.00     5.498E+14
 842.00     5.437E+14
 843.00     5.439E+14
 844.00     5.365E+14
 845.00     5.486E+14
 846.00     5.470E+14
 847.00     5.367E+14
 848.00     5.437E+14
 849.00     5.216E+14