280 0.000E+00
282 0.000E+00
284 0.000E+00
286 0.000E+00
288 0.000E+00
290 0.000E+00
292 0.000E+00
294 0.000E+00
296 0.000E+00
298 0.000E+00
300 0.000E+00
302 0.000E+00
304 0.000E+00
306 0.000E+00
308 0.000E+00
310 0.000E+00
312 0.000E+00
314 0.000E+00
316 0.000E+00
318 0.000E+00
320 0.000E+00
322 0.000E+00
324 0.000E+00
326 0.000E+00
328 0.000E+00
330 0.000E+00
332 9.351E+10
334 1.282E+11
336 1.684E+11
338 2.391E+11
340 3.085E+11
342 3.902E+11
344 4.325E+11
346 5.334E+11
348 6.113E+11
350 7.500E+11
352 8.281E+11
354 9.987E+11
356 9.389E+11
358 9.570E+11
360 1.185E+12
362 1.325E+12
364 1.566E+12
366 1.912E+12
368 2.113E+12
370 2.429E+12
372 2.499E+12
374 2.647E+12
376 3.539E+12
378 4.260E+12
380 4.473E+12
382 3.805E+12
384 4.655E+12
386 5.517E+12
388 6.134E+12
390 7.599E+12
392 6.084E+12
394 6.365E+12
396 6.594E+12
398 9.542E+12
400 1.189E+13
402 1.206E+13
404 1.213E+13
406 1.205E+13
408 1.283E+13
410 1.263E+13
412 1.355E+13
414 1.342E+13
416 1.320E+13
418 1.329E+13
420 1.396E+13
422 1.342E+13
424 1.356E+13
426 1.361E+13
428 1.294E+13
430 1.137E+13
432 1.384E+13
434 1.443E+13
436 1.556E+13
438 1.495E+13
440 1.576E+13
442 1.711E+13
444 1.739E+13
446 1.737E+13
448 1.854E+13
450 1.953E+13
452 1.867E+13
454 1.901E+13
456 1.983E+13
458 1.972E+13
460 1.999E+13
462 2.077E+13
464 2.039E+13
466 2.040E+13
468 2.062E+13
470 2.048E+13
472 2.114E+13
474 2.157E+13
476 2.149E+13
478 2.205E+13
480 2.239E+13
482 2.236E+13
484 2.164E+13
486 1.972E+13
488 2.126E+13
490 2.221E+13
492 2.179E+13
494 2.251E+13
496 2.280E+13
498 2.237E+13
500 2.198E+13
502 2.194E+13
504 2.239E+13
506 2.299E+13
508 2.271E+13
510 2.303E+13
512 2.300E+13
514 2.246E+13
516 2.139E+13
518 2.093E+13
520 2.237E+13
522 2.286E+13
524 2.337E+13
526 2.235E+13
528 2.301E+13
530 2.387E+13
532 2.345E+13
534 2.361E+13
536 2.398E+13
538 2.388E+13
540 2.325E+13
542 2.363E+13
544 2.403E+13
546 2.404E+13
548 2.403E+13
550 2.420E+13
552 2.424E+13
554 2.439E+13
556 2.402E+13
558 2.360E+13
560 2.372E+13
562 2.399E+13
564 2.385E+13
566 2.370E+13
568 2.379E+13
570 2.332E+13
572 2.378E+13
574 2.370E+13
576 2.344E+13
578 2.336E+13
580 2.379E+13
582 2.438E+13
584 2.447E+13
586 2.426E+13
588 2.354E+13
590 2.330E+13
592 2.400E+13
594 2.396E+13
596 2.412E+13
598 2.399E+13
600 2.378E+13
602 2.365E+13
604 2.405E+13
606 2.408E+13
608 2.393E+13
610 2.387E+13
612 2.379E+13
614 2.362E+13
616 2.320E+13
618 2.366E+13
620 2.403E+13
622 2.378E+13
624 2.331E+13
626 2.321E+13
628 2.274E+13
630 2.274E+13
632 2.319E+13
634 2.350E+13
636 2.372E+13
638 2.395E+13
640 2.369E+13
642 2.378E+13
644 2.388E+13
646 2.380E+13
648 2.359E+13
650 2.349E+13
652 2.380E+13
654 2.345E+13
656 2.126E+13
658 2.311E+13
660 2.380E+13
662 2.394E+13
664 2.383E+13
666 2.380E+13
668 2.399E+13
670 2.387E+13
672 2.381E+13
674 2.372E+13
676 2.366E+13
678 2.359E+13
680 2.356E+13
682 2.360E+13
684 2.327E+13
686 2.018E+13
688 1.828E+13
690 1.968E+13
692 2.145E+13
694 2.204E+13
696 2.249E+13
698 2.246E+13
700 2.220E+13
702 2.207E+13
704 2.234E+13
706 2.233E+13
708 2.215E+13
710 2.213E+13
712 2.206E+13
714 2.190E+13
716 2.106E+13
718 1.914E+13
720 1.904E+13
722 1.997E+13
724 1.943E+13
726 1.956E+13
728 1.943E+13
730 1.973E+13
732 2.027E+13
734 2.064E+13
736 2.051E+13
738 2.021E+13
740 2.014E+13
742 2.018E+13
744 2.030E+13
746 2.027E+13
748 2.015E+13
750 1.988E+13
752 1.982E+13
754 1.988E+13
756 1.971E+13
758 1.754E+13
760 6.744E+12
762 6.460E+12
764 8.680E+12
766 1.392E+13
768 1.747E+13
770 1.867E+13
772 1.882E+13
774 1.869E+13
776 1.871E+13
778 1.865E+13
780 1.851E+13
782 1.850E+13
784 1.836E+13
786 1.830E+13
788 1.797E+13
790 1.769E+13
792 1.737E+13
794 1.724E+13
796 1.725E+13
798 1.732E+13
800 1.712E+13