280 0.000E+00
281 0.000E+00
282 0.000E+00
283 0.000E+00
284 0.000E+00
285 0.000E+00
286 0.000E+00
287 0.000E+00
288 0.000E+00
289 0.000E+00
290 0.000E+00
291 0.000E+00
292 0.000E+00
293 0.000E+00
294 0.000E+00
295 0.000E+00
296 0.000E+00
297 1.168E+12
298 0.000E+00
299 0.000E+00
300 0.000E+00
301 2.164E+12
302 2.621E+12
303 2.274E+12
304 1.904E+12
305 2.211E+12
306 2.782E+12
307 3.476E+12
308 4.174E+12
309 4.827E+12
310 5.881E+12
311 1.325E+13
312 3.595E+13
313 3.954E+13
314 2.068E+13
315 9.690E+12
316 9.911E+12
317 1.028E+13
318 1.040E+13
319 1.058E+13
320 1.079E+13
321 1.090E+13
322 1.075E+13
323 1.068E+13
324 1.066E+13
325 1.073E+13
326 1.070E+13
327 1.060E+13
328 1.051E+13
329 1.038E+13
330 1.053E+13
331 1.073E+13
332 1.087E+13
333 1.252E+13
334 1.352E+13
335 1.282E+13
336 1.135E+13
337 1.111E+13
338 1.108E+13
339 1.106E+13
340 1.108E+13
341 1.092E+13
342 1.093E+13
343 1.076E+13
344 1.056E+13
345 1.030E+13
346 9.746E+12
347 9.348E+12
348 8.960E+12
349 8.427E+12
350 7.721E+12
351 7.279E+12
352 6.890E+12
353 6.387E+12
354 5.790E+12
355 5.373E+12
356 4.987E+12
357 4.610E+12
359 3.881E+12
360 3.567E+12
361 3.165E+12
362 2.938E+12
363 6.268E+12
364 4.309E+13
365 6.513E+13
366 4.333E+13
367 1.155E+13
368 2.760E+12
369 1.683E+12
370 1.535E+12
371 1.366E+12
372 1.331E+12
373 1.261E+12
374 1.289E+12
375 1.488E+12
376 1.833E+12
377 2.248E+12
378 2.806E+12
379 3.278E+12
380 3.409E+12
381 3.239E+12
382 2.992E+12
383 2.581E+12
384 1.931E+12
385 1.496E+12
386 1.196E+12
387 1.008E+12
388 8.591E+11
389 1.018E+12
390 1.263E+12
391 1.116E+12
392 0.000E+00
393 0.000E+00
394 9.053E+11
395 7.692E+11
396 8.376E+11
397 8.636E+11
398 8.460E+11
399 8.919E+11
401 1.061E+12
402 1.492E+12
403 3.478E+13
404 1.163E+14
405 1.212E+14
406 3.620E+13
407 1.168E+13
408 1.081E+13
409 5.402E+12
410 3.220E+12
411 3.611E+12
412 3.878E+12
413 4.446E+12
414 5.203E+12
415 5.199E+12
416 5.069E+12
417 5.229E+12
418 5.901E+12
419 6.454E+12
420 6.952E+12
421 7.694E+12
422 8.440E+12
423 9.175E+12
424 1.024E+13
425 1.144E+13
426 1.257E+13
427 1.380E+13
428 1.505E+13
429 1.666E+13
430 1.836E+13
431 2.018E+13
432 2.203E+13
433 2.579E+13
434 1.080E+14
435 4.409E+14
436 5.283E+14
437 2.268E+14
438 5.094E+13
439 3.201E+13
440 3.103E+13
441 3.129E+13
442 3.194E+13
443 3.220E+13
444 3.211E+13
445 3.220E+13
446 3.236E+13
447 3.197E+13
448 3.180E+13
449 3.183E+13
450 3.153E+13
451 3.081E+13
452 3.016E+13
453 2.962E+13
454 2.902E+13
455 2.838E+13
456 2.758E+13
457 2.685E+13
458 2.583E+13
459 2.477E+13
460 2.389E+13
461 2.309E+13
462 2.226E+13
463 2.141E+13
464 2.055E+13
465 1.983E+13
466 1.931E+13
467 1.877E+13
468 1.795E+13
469 1.686E+13
470 1.611E+13
471 1.565E+13
472 1.520E+13
473 1.463E+13
474 1.395E+13
475 1.338E+13
476 1.285E+13
477 1.265E+13
478 1.308E+13
479 1.432E+13
480 1.650E+13
481 2.110E+13
482 3.200E+13
483 5.048E+13
484 7.656E+13
485 1.083E+14
486 1.350E+14
487 1.462E+14
488 1.462E+14
489 1.406E+14
490 1.315E+14
491 1.201E+14
492 1.102E+14
493 1.004E+14
494 8.914E+13
495 7.830E+13
496 7.275E+13
497 6.898E+13
498 6.008E+13
499 4.650E+13
500 3.363E+13
501 2.413E+13
502 1.792E+13
503 1.415E+13
504 1.148E+13
505 9.594E+12
506 8.274E+12
507 7.293E+12
508 6.919E+12
509 6.932E+12
510 6.962E+12
511 6.904E+12
512 6.966E+12
513 7.008E+12
514 6.906E+12
515 6.726E+12
516 6.596E+12
517 6.339E+12
518 5.889E+12
519 5.523E+12
520 5.291E+12
521 5.073E+12
522 4.780E+12
523 4.606E+12
524 4.497E+12
525 4.501E+12
526 4.556E+12
527 4.728E+12
528 4.785E+12
529 4.738E+12
530 4.926E+12
531 5.707E+12
532 9.586E+12
533 1.532E+13
534 1.745E+13
535 1.787E+13
536 2.385E+13
537 4.250E+13
538 7.745E+13
539 1.272E+14
540 2.083E+14
541 4.156E+14
542 6.958E+14
543 8.637E+14
544 8.526E+14
545 8.649E+14
546 7.627E+14
547 4.810E+14
548 2.826E+14
549 2.407E+14
550 2.148E+14
551 1.862E+14
552 1.688E+14
553 1.367E+14
554 8.924E+13
555 5.103E+13
556 3.156E+13
557 2.338E+13
558 1.931E+13
559 1.651E+13
560 1.444E+13
561 1.306E+13
562 1.205E+13
563 1.083E+13
564 9.526E+12
565 8.536E+12
566 7.945E+12
567 7.920E+12
568 8.347E+12
569 8.543E+12
570 8.403E+12
571 9.079E+12
572 1.113E+13
573 1.381E+13
574 1.661E+13
575 2.366E+13
576 6.331E+13
577 8.668E+13
578 9.591E+13
579 1.282E+14
580 1.507E+14
581 1.476E+14
582 1.562E+14
583 1.921E+14
584 2.058E+14
585 1.845E+14
586 2.035E+14
587 2.613E+14
588 2.541E+14
589 1.882E+14
590 1.501E+14
591 1.370E+14
592 1.590E+14
593 1.742E+14
594 1.343E+14
595 8.262E+13
596 6.143E+13
597 6.032E+13
598 8.019E+13
599 1.091E+14
600 1.084E+14
601 7.777E+13
602 5.232E+13
603 4.299E+13
604 4.434E+13
605 4.980E+13
606 5.980E+13
607 7.951E+13
608 1.231E+14
609 2.646E+14
610 8.838E+14
611 1.563E+15
612 1.464E+15
613 9.214E+14
614 6.321E+14
615 4.575E+14
616 3.106E+14
617 2.183E+14
618 1.830E+14
619 1.868E+14
620 2.040E+14
621 2.050E+14
622 1.875E+14
623 1.693E+14
624 1.577E+14
625 1.440E+14
626 1.290E+14
627 1.216E+14
628 1.226E+14
629 1.430E+14
630 2.116E+14
631 2.398E+14
632 1.656E+14
633 8.205E+13
634 4.575E+13
635 3.344E+13
636 2.869E+13
637 2.552E+13
638 2.308E+13
639 2.137E+13
640 2.095E+13
641 2.153E+13
642 2.267E+13
643 2.432E+13
644 2.626E+13
645 2.720E+13
646 2.658E+13
647 2.590E+13
648 2.775E+13
649 4.465E+13
650 7.125E+13
651 7.104E+13
652 5.233E+13
653 4.212E+13
654 3.179E+13
655 2.255E+13
656 1.877E+13
657 2.069E+13
658 2.116E+13
659 1.699E+13
660 1.515E+13
661 2.613E+13
662 4.461E+13
663 4.611E+13
664 3.276E+13
665 2.493E+13
666 2.361E+13
667 2.575E+13
668 2.622E+13
669 2.407E+13
670 2.160E+13
671 2.005E+13
672 1.882E+13
673 1.793E+13
674 1.704E+13
675 1.665E+13
676 1.749E+13
677 1.879E+13
678 2.104E+13
679 2.236E+13
680 2.169E+13
681 2.136E+13
682 2.065E+13
683 1.832E+13
684 1.512E+13
685 1.490E+13
686 2.619E+13
687 4.442E+13
688 4.584E+13
689 3.101E+13
690 1.993E+13
691 1.416E+13
692 1.786E+13
693 3.285E+13
694 3.282E+13
695 1.880E+13
696 1.120E+13
697 7.085E+12
698 5.736E+12
699 6.026E+12
700 6.772E+12
701 7.995E+12
702 1.030E+13
703 1.592E+13
704 2.511E+13
705 4.891E+13
706 9.733E+13
707 1.260E+14
708 1.446E+14
709 1.425E+14
710 9.681E+13
711 9.551E+13
712 1.198E+14
713 8.936E+13
714 4.259E+13
715 2.005E+13
716 9.441E+12
717 5.681E+12
718 4.881E+12
719 4.535E+12
720 4.254E+12
721 3.977E+12
722 3.637E+12
723 3.448E+12
724 3.586E+12
725 3.466E+12
726 3.176E+12
727 3.235E+12
728 3.268E+12
729 3.196E+12
730 3.249E+12
731 3.198E+12
732 2.937E+12
733 2.606E+12
734 2.247E+12
735 0.000E+00
736 0.000E+00
737 2.139E+12
738 2.226E+12
739 2.260E+12
740 2.432E+12
741 3.905E+12
742 6.443E+12
743 6.306E+12
744 3.963E+12
745 2.986E+12
746 3.586E+12
747 3.426E+12
748 0.000E+00
749 0.000E+00
750 1.761E+12
751 2.899E+12
752 0.000E+00
753 0.000E+00
754 0.000E+00
755 0.000E+00
756 0.000E+00
757 0.000E+00
758 0.000E+00
759 0.000E+00
760 0.000E+00
761 0.000E+00
762 0.000E+00
763 4.708E+12
764 4.166E+12
765 2.454E+12
766 0.000E+00
767 0.000E+00
768 0.000E+00
769 0.000E+00
770 0.000E+00
771 0.000E+00
772 3.062E+12
773 2.726E+12
774 0.000E+00
775 0.000E+00
776 0.000E+00
777 0.000E+00
778 0.000E+00
779 0.000E+00
780 0.000E+00
781 0.000E+00
782 0.000E+00
783 0.000E+00
784 0.000E+00
785 0.000E+00
786 0.000E+00
787 0.000E+00
788 0.000E+00
789 0.000E+00
790 0.000E+00
791 0.000E+00
792 0.000E+00
793 0.000E+00
794 0.000E+00
795 0.000E+00
796 0.000E+00
797 0.000E+00
798 0.000E+00
799 0.000E+00
800 0.000E+00